# x,y,label
-291,-163,1
-237,-115,1
-253,-47,1
-263,-4,1
-164,22,1
-89,146,1
-144,1,1
-178,-41,1
-151,104,1
-119,154,1
-68,177,1
-17,201,1
0,230,1
30,258,1
79,224,1
-12,156,1
-78,89,1
-119,90,1
-111,245,1
-216,233,1
-144,288,1
-36,273,1
-90,223,1
-180,203,1
-169,140,1
-121,193,1
-144,208,1
33,203,1
143,258,1
178,274,1
89,269,1
171,-227,0
253,-130,0
267,-92,0
175,-52,0
221,27,0
276,118,0
296,149,0
312,205,0
312,108,0
293,64,0
281,44,0
250,60,0
182,52,0
131,-29,0
79,-63,0
30,-105,0
14,-157,0
17,-188,0
97,-124,0
126,-84,0
182,-103,0
177,-142,0
220,-34,0
255,9,0
287,8,0
294,-51,0
298,-73,0
303,-147,0
209,-191,0
83,-177,0
29,-181,0
-72,-241,0
-139,-209,0
-37,-185,0
-137,-251,0
228,91,0
249,129,0
196,-131,0
123,-173,0
213,-79,0
246,-52,0
267,-26,0
179,-22,0
218,-10,0
138,-57,0
78,-88,0
50,-129,0
157,-87,0
288,-14,0
314,46,0
54,241,1
52,213,1
49,185,1
104,230,1
123,268,1
96,244,1
61,269,1
41,237,1
27,214,1
6,203,1
17,235,1
2,264,1
-11,237,1
151,284,1
29,288,1
93,285,1
117,291,1
-35,217,1
-38,194,1
6,180,1
-247,191,1
-266,272,1
-234,82,1
277,-266,0
58,-269,0
51,-225,0
109,24,0
70,-33,0
195,116,0
267,73,0
316,251,0
187,29,0
194,19,0
195,-1,0
212,10,0
245,-7,0
228,6,0
243,28,0
266,0,0
242,-25,0
196,-21,0
160,-1,0
261,29,0
214,44,0
239,55,0
298,20,0
-21,189,1
69,252,1
-35,165,1
-65,141,1
-83,118,1
-11,128,1
-54,156,1
-83,167,1
-102,163,1
-87,134,1
-108,139,1
-77,154,1
-57,104,1
-40,127,1
-33,150,1
-48,93,1
-111,110,1
-93,74,1
-114,60,1
-93,46,1
-116,22,1
-138,33,1
-163,-25,1
-205,-7,1
-218,-50,1
-261,-100,1
-202,55,1
-199,111,1
-225,159,1
-184,176,1
-71,206,1
-64,257,1
-254,133,1
-301,186,1
-293,66,1
-254,63,1
-227,19,1
299,-230,0
154,29,0
125,-1,0
114,-19,0
246,99,0
174,39,0
161,13,0
218,69,0
191,73,0
