# x,y,label
68,266,1
51,227,1
110,261,1
150,281,1
-13,237,1
24,197,1
22,162,1
-19,136,1
-17,180,1
-44,186,1
-55,151,1
-65,104,1
15,120,1
-17,77,1
-26,97,1
-35,120,1
-39,135,1
-47,89,1
-49,73,1
-92,100,1
-29,64,1
-55,48,1
-101,52,1
-98,77,1
-87,73,1
-86,57,1
4,155,1
46,180,1
56,193,1
-79,138,1
-28,169,1
-3,184,1
-29,217,1
7,216,1
17,217,1
28,237,1
46,244,1
-119,40,1
-156,15,1
-223,-33,1
-287,-70,1
-299,-104,1
-244,-63,1
-195,13,1
-165,106,1
-226,168,1
-193,202,1
-148,250,1
-111,229,1
-127,124,1
-146,189,1
-200,266,1
-221,79,1
-263,8,1
-149,75,1
-98,208,1
-19,286,1
239,-146,0
141,-115,0
246,-39,0
267,-12,0
189,-22,0
247,32,0
273,74,0
229,15,0
224,-18,0
194,-82,0
155,-78,0
175,-52,0
231,62,0
291,119,0
297,156,0
260,96,0
211,33,0
188,12,0
286,-61,0
316,11,0
288,6,0
284,16,0
254,12,0
231,-4,0
227,33,0
221,53,0
213,-11,0
189,-1,0
213,-64,0
234,-47,0
165,-41,0
147,-35,0
157,-54,0
136,-52,0
97,-26,0
175,9,0
141,-13,0
164,-12,0
119,-86,0
54,-135,0
162,-151,0
2,-223,0
-101,-243,0
-106,-224,0
-218,-284,0
204,-173,0
223,-232,0
303,-175,0
245,-102,0
303,59,0
311,181,0
267,118,0
235,95,0
197,37,0
171,30,0
116,-42,0
98,-79,0
69,-66,0
210,-104,0
133,-184,0
21,-199,0
-22,-187,0
99,-142,0
72,-101,0
19,-152,0
46,-85,0
69,-185,0
-155,37,1
-209,35,1
-134,72,1
-92,128,1
-71,178,1
58,270,1
-94,149,1
-126,150,1
-155,121,1
-232,114,1
243,-83,0
175,-76,0
186,-52,0
235,-25,0
267,0,0
278,37,0
258,59,0
294,87,0
300,103,0
308,126,0
301,143,0
300,40,0
311,252,0
280,181,0
298,-99,0
-290,-169,1
-171,-28,1
-252,97,1
199,-35,0
211,7,0
266,49,0
172,-22,0
11,135,1
-11,109,1
69,150,1
156,192,1
105,213,1
157,257,1
33,76,1
-47,10,1
-97,-42,1
-126,16,1
110,55,0
-6,-50,0
-144,-106,0
-23,-117,0
-148,-182,0
-250,-220,0
-64,-166,0
88,6,0
142,37,0
207,159,0
116,127,0
231,241,0
243,286,1
196,190,1
40,97,1
15,1,1
-117,-10,1
-70,-105,1
197,97,0
158,120,0
246,204,0
-191,-172,0
-74,-134,0
